0   255 255
238 123 158
24  245 217
224 119 227
154 52  104
179 50  247
180 164 5
82  42  106
201 25  52
62  17  209
60  68  169
199 113 167
19  71  68
161 83  182
75  6   145
100 64  151
156 116 171
88  9   123
181 86  222
116 238 87
74  90  143
249 157 47
26  101 131
195 130 181
242 52  233
131 11  189
221 229 176
193 56  44
139 53  137
102 208 40
61  50  7
65  82  186
65  82  186
153 254 81
233 80  195
165 179 213
57  65  211
98  255 164
205 219 146
140 138 172
23  53  119
102 215 88
198 204 245
183 132 233
14  87  125
221 43  104
181 215 6
16  139 183
150 136 166
219 144 1
123 226 195
230 45  209
252 215 56
234 170 131
36  208 234
19  24  2
115 184 234
125 238 12
57  226 76
77  31  134
208 202 204
208 202 204
208 202 204
159 149 163
148 148 87
171 107 183
33  154 135
206 209 108
206 209 108
97  246 15
147 140 184
157 58  24
117 145 137
155 129 244
53  61  6
145 75  152
8   140 38
37  61  220
129 12  229
11  126 158